latitude=21.6179159
longitude=74.2570210
